2018-Aug-03 00:00 *   17 42 21.12 +31 52 26.8   80.124101  42.033757   17.842   5.134
2018-Aug-03 00:30 *   17 42 20.01 +31 52 05.4   84.189198  47.739935   17.842   5.134
2018-Aug-03 01:00 *   17 42 18.89 +31 51 44.0   88.597303  53.488548   17.843   5.134
2018-Aug-03 01:30 *   17 42 17.76 +31 51 22.5   93.616095  59.247482   17.843   5.134
2018-Aug-03 02:00 *   17 42 16.62 +31 51 00.9   99.736014  64.968762   17.844   5.134
2018-Aug-03 02:30 C   17 42 15.48 +31 50 39.3  107.970231  70.563564   17.844   5.134
2018-Aug-03 03:00 N   17 42 14.34 +31 50 17.5  120.704614  75.823839   17.845   5.135
2018-Aug-03 03:30 A   17 42 13.19 +31 49 55.7  143.871927  80.138953   17.845   5.135
2018-Aug-03 04:00 At  17 42 12.05 +31 49 33.7  184.172639  81.799368   17.846   5.135
2018-Aug-03 04:30     17 42 10.91 +31 49 11.7  221.627909  79.455329   17.846   5.135
2018-Aug-03 05:00     17 42 09.77 +31 48 49.5  242.125702  74.873474   17.847   5.135
2018-Aug-03 05:30  m  17 42 08.64 +31 48 27.3  253.706730  69.520329   17.847   5.135
2018-Aug-03 06:00  m  17 42 07.51 +31 48 05.0  261.419533  63.888011   17.848   5.135
2018-Aug-03 06:30  m  17 42 06.39 +31 47 42.5  267.275235  58.150425   17.848   5.135
2018-Aug-03 07:00  m  17 42 05.29 +31 47 20.0  272.148714  52.385244   17.849   5.135
2018-Aug-03 07:30  m  17 42 04.19 +31 46 57.5  276.473727  46.636206   17.849   5.135
2018-Aug-03 08:00  m  17 42 03.11 +31 46 34.8  280.492017  40.933681   17.850   5.135
2018-Aug-03 08:30  m  17 42 02.04 +31 46 12.1  284.352968  35.302752   17.850   5.135
2018-Aug-03 09:00  m  17 42 00.99 +31 45 49.4  288.158030  29.766983   17.851   5.136
2018-Aug-03 09:30  m  17 41 59.95 +31 45 26.6  291.982397  24.350470   17.851   5.136
2018-Aug-03 10:00  m  17 41 58.93 +31 45 03.8  295.886332  19.079192   17.852   5.136
2018-Aug-03 10:30 Am  17 41 57.93 +31 44 41.1  299.921321  13.982020   17.852   5.136
2018-Aug-03 11:00 Nm  17 41 56.94 +31 44 18.3  304.133341   9.091558   17.853   5.136
2018-Aug-03 11:30 Nm  17 41 55.96 +31 43 55.5  308.564261   4.444847   17.853   5.136
2018-Aug-03 12:00 *m  17 41 55.00 +31 43 32.8  313.251792   0.083880   17.854   5.136
2018-Aug-03 12:30 *s  17 41 54.05 +31 43 10.1  318.228136  -3.944186   17.854   5.136
2018-Aug-03 13:00 *m  17 41 53.12 +31 42 47.5  323.517344  -7.587318   17.855   5.136
2018-Aug-03 13:30 *m  17 41 52.19 +31 42 24.9  329.131527 -10.789645   17.855   5.136
2018-Aug-03 14:00 *m  17 41 51.28 +31 42 02.4  335.066328 -13.493498   17.856   5.136
2018-Aug-03 14:30 *m  17 41 50.37 +31 41 39.9  341.296550 -15.642615   17.856   5.136
2018-Aug-03 15:00 *m  17 41 49.48 +31 41 17.6  347.773362 -17.186427   17.856   5.136
2018-Aug-03 15:30 *m  17 41 48.58 +31 40 55.3  354.424695 -18.084933   17.857   5.136
2018-Aug-03 16:00 *m  17 41 47.69 +31 40 33.1    1.160014 -18.313282   17.857   5.137
2018-Aug-03 16:30 *m  17 41 46.81 +31 40 11.0    7.879299 -17.864946   17.858   5.137
2018-Aug-03 17:00 *m  17 41 45.92 +31 39 49.0   14.484433 -16.752591   17.858   5.137
2018-Aug-03 17:30 *m  17 41 45.03 +31 39 27.0   20.890100 -15.006397   17.859   5.137
2018-Aug-03 18:00 *m  17 41 44.13 +31 39 05.2   27.031516 -12.670313   17.859   5.137
2018-Aug-03 18:30 *m  17 41 43.23 +31 38 43.4   32.867731  -9.797262   17.860   5.137
2018-Aug-03 19:00 *   17 41 42.32 +31 38 21.6   38.380820  -6.444376   17.860   5.137
2018-Aug-03 19:30 *   17 41 41.41 +31 38 00.0   43.572411  -2.669036   17.861   5.137
2018-Aug-03 20:00 *r  17 41 40.49 +31 37 38.4   48.459134   1.473957   17.861   5.137
2018-Aug-03 20:30 *   17 41 39.55 +31 37 16.8   53.068276   5.934062   17.862   5.137
2018-Aug-03 21:00 *   17 41 38.61 +31 36 55.2   57.434358  10.665768   17.862   5.137
2018-Aug-03 21:30 *   17 41 37.65 +31 36 33.7   61.596929  15.628687   17.863   5.137
2018-Aug-03 22:00 *   17 41 36.68 +31 36 12.1   65.599677  20.787222   17.863   5.137
2018-Aug-03 22:30 *   17 41 35.70 +31 35 50.6   69.490890  26.109969   17.863   5.138
2018-Aug-03 23:00 *   17 41 34.70 +31 35 29.0   73.325495  31.568961   17.864   5.138
2018-Aug-03 23:30 *   17 41 33.70 +31 35 07.4   77.169280  37.138745   17.864   5.138
2018-Aug-04 00:00 *   17 41 32.69 +31 34 45.7   81.106663  42.795252   17.865   5.138